4.650000000000000000e+02 4.270000000000000000e+02
5.250000000000000000e+02 4.300000000000000000e+02
5.820000000000000000e+02 4.320000000000000000e+02
4.940000000000000000e+02 4.580000000000000000e+02
5.540000000000000000e+02 4.610000000000000000e+02
5.240000000000000000e+02 4.890000000000000000e+02
4.940000000000000000e+02 5.200000000000000000e+02
5.520000000000000000e+02 5.200000000000000000e+02
4.650000000000000000e+02 5.480000000000000000e+02
5.820000000000000000e+02 5.480000000000000000e+02
