-8.603195846080780029e-02 8.378691226243972778e-02 7.430000305175781250e-01
-2.946954406797885895e-02 8.456683903932571411e-02 7.610000371932983398e-01
2.855320461094379425e-02 8.773380517959594727e-02 7.780000567436218262e-01
-5.863599106669425964e-02 1.118257418274879456e-01 7.510000467300415039e-01
-7.792349206283688545e-04 1.146548911929130554e-01 7.700000405311584473e-01
-2.683215960860252380e-02 1.425593197345733643e-01 7.570000290870666504e-01
-5.671664699912071228e-02 1.750769019126892090e-01 7.420000433921813965e-01
-2.017927821725606918e-03 1.745603531599044800e-01 7.610000371932983398e-01
-8.332971483469009399e-02 2.046182751655578613e-01 7.300000190734863281e-01
2.696197852492332458e-02 2.067086100578308105e-01 7.690000534057617188e-01
